46
47
172
174
291
300
301
427
548
549
677
801
802
803
804
805
928
929
930
1056
1163
1164
1165
1171
1173
1174
1290
1291
1292
1293
1299
1300
1417
1418
1419
1420
1426
1427
1443
1444
1544
1545
1546
1553
1554
1570
1571
1684
1685
1687
1696
1697
1698
1699
1811
1812
1823
1824
1930
1931
1939
1946
1948
1950
1951
1952
2049
2050
2051
2057
2058
2063
2066
2067
2075
2077
2078
2090
2095
2175
2176
2177
2178
2179
2180
2190
2191
2194
2205
2206
2207
2208
2210
2217
2218
2219
2220
2221
2222
2223
2318
2332
2333
2334
2335
2336
2337
2338
2339
2342
2343
2344
2345
2346
2347
2348
2349
2432
2438
2459
2460
2461
2462
2463
2464
2465
2466
2468
2469
2470
2471
2472
2473
2474
2475
2476
2477
2559
2565
2566
2571
2573
2575
2587
2588
2589
2590
2591
2596
2597
2598
2603
2604
2687
2689
2692
2693
2698
2699
2703
2704
2715
2716
2717
2718
2723
2724
2813
2814
2815
2820
2821
2822
2827
2829
2830
2842
2843
2844
2845
2847
2855
2856
2930
2941
2942
2943
2946
2947
2948
2949
2954
2955
2957
2961
2962
2966
2970
2971
2972
2977
2978
2980
2982
2983
2985
2987
2988
3067
3068
3069
3070
3071
3072
3082
3083
3093
3096
3097
3098
3099
3107
3108
3109
3110
3112
3113
3114
3115
3116
3117
3118
3119
3123
3185
3186
3194
3195
3196
3197
3205
3210
3213
3219
3223
3225
3226
3232
3233
3235
3236
3237
3238
3239
3240
3241
3242
3244
3245
3256
3314
3315
3316
3320
3321
3323
3324
3328
3330
3332
3337
3338
3339
3340
3344
3345
3346
3347
3359
3360
3362
3363
3364
3365
3366
3367
3370
3371
3372
3373
3374
3375
3382
3383
3438
3439
3443
3446
3451
3452
3457
3458
3459
3460
3461
3462
3463
3464
3465
3466
3467
3469
3473
3476
3477
3478
3480
3481
3483
3484
3486
3487
3488
3489
3490
3491
3492
3493
3499
3500
3501
3502
3578
3584
3585
3586
3587
3588
3589
3590
3591
3592
3593
3594
3596
3599
3600
3603
3604
3605
3606
3607
3610
3611
3616
3617
3618
3619
3620
3621
3622
3627
3628
3633
3634
3635
3698
3699
3704
3708
3714
3716
3717
3718
3719
3720
3721
3726
3729
3730
3731
3732
3733
3734
3739
3743
3745
3746
3747
3748
3760
3761
3762
3767
3819
3822
3825
3826
3831
3835
3839
3841
3842
3843
3844
3845
3846
3847
3849
3850
3853
3855
3856
3857
3858
3859
3860
3861
3863
3864
3865
3866
3868
3870
3872
3873
3874
3875
3876
3877
3878
3879
3881
3883
3884
3885
3887
3888
3889
3890
3894
3944
3950
3951
3963
3968
3969
3970
3971
3972
3973
3974
3975
3976
3977
3980
3981
3982
3983
3984
3985
3986
3987
3988
3989
3990
3992
3993
3994
3995
3996
3997
3998
3999
4000
4001
4002
4003
4004
4005
4006
4009
4011
4012
4013
4016
4017
4018
4054
4071
4072
4073
4077
4078
4084
4085
4090
4094
4095
4096
4097
4098
4099
4100
4101
4102
4103
4104
4107
4108
4109
4110
4111
4112
4113
4114
4116
4117
4118
4119
4120
4121
4122
4123
4124
4125
4126
4128
4135
4136
4137
4138
4139
4140
4141
4142
4143
4144
4145
4181
4199
4200
4204
4205
4207
4211
4216
4217
4218
4221
4222
4223
4224
4225
4227
4228
4229
4230
4231
4234
4235
4236
4237
4238
4240
4242
4243
4244
4247
4248
4249
4250
4253
4260
4261
4262
4263
4264
4265
4266
4267
4268
4269
4270
4271
4272
4275
4276
4277
4318
4319
4325
4332
4337
4338
4349
4351
4352
4355
4357
4358
4362
4363
4364
4365
4367
4368
4369
4370
4371
4372
4376
4377
4378
4380
4385
4387
4388
4389
4390
4391
4392
4393
4394
4395
4396
4397
4398
4399
4403
4445
4446
4454
4470
4475
4476
4477
4478
4480
4482
4483
4484
4486
4487
4490
4491
4492
4494
4495
4496
4497
4498
4500
4502
4503
4504
4505
4507
4508
4511
4512
4513
4514
4515
4516
4517
4518
4519
4520
4521
4522
4523
4525
4526
4527
4564
4581
4582
4583
4597
4601
4602
4603
4604
4605
4613
4614
4615
4616
4617
4618
4622
4623
4624
4626
4627
4628
4629
4630
4631
4632
4633
4634
4635
4636
4637
4638
4639
4640
4641
4642
4643
4644
4646
4647
4648
4649
4650
4651
4656
4688
4689
4691
4699
4703
4708
4709
4710
4718
4729
4730
4731
4735
4739
4741
4742
4743
4744
4747
4749
4750
4751
4752
4753
4754
4755
4756
4757
4758
4760
4762
4763
4764
4767
4768
4769
4770
4773
4774
4775
4776
4777
4778
4779
4781
4784
4785
4812
4814
4815
4816
4817
4818
4826
4827
4828
4830
4834
4837
4839
4840
4846
4847
4851
4852
4858
4859
4860
4861
4862
4865
4868
4871
4874
4875
4876
4877
4878
4879
4880
4881
4882
4883
4884
4885
4886
4887
4888
4889
4890
4892
4893
4894
4895
4896
4900
4901
4902
4903
4904
4905
4906
4907
4908
4909
4911
4912
4941
4942
4944
4949
4952
4953
4955
4956
4957
4958
4959
4960
4961
4967
4972
4973
4974
4975
4978
4979
4980
4981
4983
4986
4987
4988
4990
4991
4992
4993
4995
5000
5001
5002
5003
5004
5005
5006
5007
5008
5009
5010
5011
5012
5013
5015
5016
5017
5018
5019
5020
5027
5030
5031
5032
5033
5034
5035
5036
5065
5068
5069
5076
5077
5078
5082
5083
5084
5085
5086
5087
5088
5090
5099
5100
5101
5102
5103
5105
5106
5107
5108
5109
5110
5111
5114
5120
5121
5122
5123
5124
5125
5126
5127
5128
5129
5130
5131
5132
5133
5134
5135
5136
5137
5138
5139
5140
5141
5142
5143
5144
5145
5146
5147
5148
5151
5158
5159
5160
5161
5162
5166
5191
5193
5194
5200
5205
5208
5209
5210
5211
5212
5213
5214
5218
5219
5222
5223
5224
5227
5233
5234
5247
5248
5249
5250
5251
5252
5253
5254
5255
5256
5257
5258
5259
5260
5264
5265
5266
5267
5268
5269
5270
5271
5272
5273
5278
5279
5281
5283
5284
5285
5286
5287
5288
5289
5290
5292
5293
5294
5295
5320
5321
5327
5335
5336
5337
5338
5339
5340
5341
5345
5346
5349
5350
5354
5361
5363
5370
5371
5373
5374
5375
5376
5377
5378
5379
5380
5381
5382
5383
5384
5385
5386
5390
5391
5392
5393
5395
5396
5397
5398
5399
5402
5403
5404
5405
5406
5408
5409
5410
5411
5412
5413
5414
5415
5416
5418
5419
5420
5421
5422
5440
5446
5463
5464
5465
5467
5468
5488
5492
5493
5496
5497
5498
5501
5502
5503
5504
5505
5506
5507
5508
5509
5510
5511
5512
5513
5514
5515
5516
5517
5518
5519
5521
5522
5523
5524
5525
5526
5528
5529
5530
5532
5533
5534
5535
5536
5537
5538
5539
5540
5541
5542
5543
5544
5545
5547
5548
5570
5571
5573
5574
5593
5594
5595
5617
5619
5620
5623
5624
5625
5626
5628
5629
5630
5631
5632
5633
5634
5635
5636
5637
5638
5639
5640
5641
5643
5644
5645
5646
5647
5648
5649
5650
5651
5652
5653
5656
5657
5658
5659
5660
5661
5662
5663
5664
5665
5666
5667
5670
5671
5672
5674
5695
5696
5697
5699
5700
5701
5703
5721
5723
5742
5743
5746
5747
5748
5749
5750
5751
5752
5757
5758
5759
5760
5761
5762
5763
5764
5765
5766
5767
5768
5769
5770
5771
5772
5773
5774
5775
5776
5777
5778
5779
5780
5781
5782
5783
5784
5785
5786
5787
5788
5789
5790
5791
5796
5823
5824
5826
5830
5850
5851
5863
5864
5874
5877
5878
5879
5880
5881
5882
5883
5884
5885
5886
5887
5888
5889
5890
5891
5892
5893
5894
5895
5896
5897
5898
5899
5900
5901
5902
5903
5904
5905
5906
5907
5908
5909
5910
5911
5912
5913
5914
5915
5916
5917
5921
5922
5923
5949
5950
5952
5979
5990
5991
5994
5997
6002
6003
6004
6005
6006
6007
6008
6009
6010
6011
6012
6013
6014
6015
6016
6017
6018
6019
6020
6021
6022
6023
6024
6025
6026
6027
6028
6029
6030
6031
6032
6033
6034
6035
6036
6037
6038
6039
6040
6041
6042
6043
6044
6048
6049
6050
6051
6052
6070
6071
6072
6076
6077
6092
6106
6129
6130
6131
6132
6133
6135
6136
6137
6138
6139
6140
6141
6142
6143
6144
6145
6146
6147
6148
6149
6150
6151
6152
6153
6154
6155
6156
6157
6158
6159
6160
6161
6162
6163
6164
6165
6166
6167
6168
6169
6172
6175
6176
6177
6178
6179
6197
6198
6199
6201
6202
6203
6207
6232
6233
6237
6245
6255
6256
6257
6258
6259
6260
6262
6263
6264
6265
6266
6267
6268
6269
6270
6271
6272
6273
6274
6275
6276
6277
6278
6279
6280
6281
6282
6283
6284
6285
6286
6287
6288
6289
6290
6292
6293
6294
6295
6296
6297
6298
6299
6302
6303
6305
6306
6324
6325
6326
6327
6329
6330
6364
6371
6378
6381
6382
6383
6384
6385
6386
6387
6391
6392
6393
6394
6395
6396
6397
6398
6399
6400
6401
6402
6403
6404
6405
6406
6407
6408
6409
6410
6411
6412
6413
6414
6415
6416
6418
6419
6420
6421
6422
6423
6425
6426
6427
6428
6429
6431
6432
6433
6452
6453
6454
6457
6459
6461
6466
6467
6497
6498
6499
6500
6501
6504
6505
6508
6509
6510
6511
6513
6514
6516
6517
6518
6519
6520
6521
6522
6523
6524
6525
6526
6527
6528
6529
6530
6531
6532
6533
6534
6535
6536
6537
6538
6539
6540
6541
6542
6543
6544
6545
6546
6547
6548
6549
6550
6551
6552
6553
6554
6555
6556
6557
6558
6559
6560
6577
6578
6579
6580
6581
6582
6584
6589
6593
6625
6626
6627
6628
6629
6630
6632
6633
6635
6636
6638
6639
6640
6641
6642
6643
6644
6645
6646
6647
6648
6649
6650
6651
6652
6653
6654
6655
6656
6657
6658
6659
6660
6661
6662
6663
6664
6665
6666
6667
6668
6669
6670
6671
6672
6673
6674
6675
6676
6677
6678
6679
6680
6681
6682
6683
6684
6685
6686
6703
6704
6705
6706
6707
6713
6714
6743
6747
6748
6749
6750
6751
6752
6753
6754
6755
6756
6757
6759
6760
6765
6766
6767
6768
6769
6770
6771
6772
6773
6774
6775
6776
6777
6778
6779
6780
6781
6782
6783
6784
6785
6786
6787
6788
6789
6790
6791
6792
6793
6794
6795
6796
6797
6798
6799
6800
6801
6803
6804
6805
6807
6808
6809
6810
6811
6812
6830
6831
6832
6833
6834
6835
6838
6840
6841
6870
6871
6872
6875
6877
6878
6880
6881
6882
6883
6884
6885
6886
6887
6893
6894
6895
6906
6907
6908
6909
6911
6912
6913
6914
6915
6916
6917
6918
6919
6920
6921
6922
6923
6924
6925
6926
6927
6928
6929
6935
6936
6937
6938
6956
6957
6958
6959
6960
6962
6965
6966
6998
6999
7007
7008
7009
7010
7012
7013
7014
7015
7016
7022
7025
7027
7028
7029
7030
7031
7032
7033
7034
7035
7036
7037
7039
7040
7041
7042
7043
7044
7045
7046
7047
7048
7049
7050
7051
7052
7053
7054
7055
7056
7057
7062
7063
7064
7083
7084
7085
7087
7088
7089
7126
7134
7135
7136
7137
7139
7140
7141
7142
7145
7150
7151
7152
7153
7154
7155
7156
7157
7158
7159
7160
7161
7162
7163
7164
7165
7166
7167
7168
7169
7170
7171
7172
7173
7174
7175
7176
7177
7178
7179
7180
7181
7182
7183
7184
7185
7188
7189
7190
7210
7211
7212
7213
7214
7215
7252
7253
7254
7255
7259
7260
7261
7262
7265
7267
7268
7269
7270
7271
7272
7273
7274
7275
7277
7278
7279
7280
7281
7282
7283
7284
7285
7286
7287
7288
7289
7290
7291
7292
7293
7294
7295
7296
7297
7298
7299
7300
7301
7302
7303
7304
7305
7306
7307
7308
7309
7310
7312
7313
7314
7315
7316
7317
7340
7341
7342
7343
7379
7380
7381
7382
7383
7386
7387
7388
7389
7390
7392
7393
7394
7395
7396
7397
7399
7400
7401
7402
7403
7404
7405
7406
7407
7408
7409
7410
7411
7412
7413
7414
7415
7416
7417
7418
7419
7420
7421
7422
7423
7424
7425
7426
7427
7428
7429
7430
7431
7432
7433
7434
7435
7436
7437
7439
7440
7441
7442
7462
7463
7468
7469
7507
7509
7510
7511
7515
7516
7517
7519
7520
7521
7522
7528
7529
7530
7531
7532
7533
7534
7535
7538
7539
7540
7541
7542
7543
7544
7545
7546
7547
7548
7549
7550
7551
7552
7553
7554
7555
7556
7557
7558
7559
7560
7561
7562
7563
7564
7565
7566
7567
7589
7590
7592
7593
7594
7596
7637
7638
7642
7643
7651
7652
7653
7654
7655
7656
7657
7658
7659
7660
7661
7662
7663
7664
7665
7666
7667
7668
7669
7670
7671
7672
7673
7674
7675
7676
7677
7678
7679
7680
7681
7682
7683
7684
7685
7686
7687
7688
7689
7690
7691
7692
7693
7694
7715
7716
7717
7720
7724
7765
7769
7774
7776
7777
7782
7783
7784
7785
7786
7787
7791
7792
7793
7794
7795
7796
7797
7798
7799
7800
7801
7802
7803
7804
7805
7806
7807
7808
7809
7810
7811
7812
7813
7814
7815
7816
7818
7819
7820
7843
7844
7846
7848
7849
7850
7853
7854
7891
7896
7897
7898
7901
7902
7903
7904
7909
7910
7912
7917
7918
7919
7920
7921
7922
7923
7924
7925
7926
7927
7928
7929
7930
7931
7932
7933
7934
7936
7937
7938
7939
7940
7941
7942
7943
7947
7968
7969
7973
7975
7976
7977
7980
7981
8017
8018
8021
8029
8030
8031
8032
8034
8037
8040
8041
8042
8043
8044
8045
8046
8047
8048
8049
8050
8051
8052
8053
8054
8055
8056
8057
8058
8059
8060
8061
8062
8064
8065
8072
8073
8095
8096
8097
8099
8100
8144
8145
8151
8152
8158
8159
8163
8164
8165
8166
8167
8171
8172
8173
8174
8175
8176
8177
8178
8179
8180
8181
8182
8183
8184
8185
8186
8187
8188
8189
8190
8193
8194
8195
8197
8198
8199
8200
8201
8221
8222
8226
8227
8229
8278
8279
8281
8290
8291
8292
8293
8294
8295
8296
8297
8298
8299
8300
8301
8302
8303
8304
8305
8306
8308
8309
8310
8311
8312
8313
8314
8315
8316
8317
8318
8319
8320
8321
8322
8323
8324
8325
8326
8327
8328
8348
8349
8357
8408
8409
8413
8417
8418
8419
8420
8421
8422
8423
8424
8425
8427
8428
8429
8431
8432
8434
8435
8436
8437
8438
8439
8440
8441
8442
8443
8444
8445
8446
8447
8449
8450
8451
8452
8453
8474
8477
8478
8482
8483
8484
8530
8536
8540
8543
8544
8545
8546
8548
8549
8550
8551
8552
8553
8554
8555
8556
8557
8558
8560
8561
8562
8563
8564
8565
8566
8567
8568
8569
8570
8571
8572
8573
8574
8576
8577
8578
8579
8580
8601
8603
8604
8605
8607
8608
8609
8610
8611
8613
8656
8657
8658
8659
8666
8670
8671
8673
8675
8676
8677
8678
8680
8683
8684
8685
8686
8687
8688
8689
8690
8691
8692
8693
8694
8695
8696
8697
8698
8699
8700
8701
8702
8703
8704
8705
8706
8707
8727
8728
8729
8734
8735
8737
8738
8739
8783
8784
8786
8792
8793
8803
8804
8805
8806
8807
8808
8811
8812
8813
8814
8815
8816
8817
8818
8819
8820
8821
8822
8823
8824
8825
8826
8827
8828
8829
8830
8831
8832
8833
8834
8842
8853
8854
8855
8856
8861
8862
8863
8864
8865
8907
8910
8911
8912
8913
8914
8916
8917
8918
8919
8924
8925
8926
8927
8928
8930
8931
8932
8933
8941
8942
8943
8944
8945
8946
8947
8949
8951
8952
8953
8954
8955
8956
8957
8958
8959
8960
8969
8980
8981
8982
8983
8984
8985
8990
8991
9037
9038
9039
9040
9042
9043
9044
9046
9047
9048
9049
9051
9052
9053
9054
9055
9057
9059
9060
9067
9068
9069
9070
9071
9072
9073
9074
9075
9076
9077
9078
9079
9082
9083
9084
9085
9086
9095
9096
9097
9107
9108
9109
9111
9112
9115
9162
9166
9167
9168
9170
9171
9173
9174
9175
9176
9179
9180
9184
9186
9188
9189
9191
9192
9194
9195
9196
9197
9198
9199
9200
9201
9202
9203
9204
9205
9206
9207
9208
9209
9210
9211
9221
9234
9235
9236
9238
9241
9245
9290
9291
9292
9293
9294
9295
9303
9307
9308
9309
9310
9318
9319
9321
9322
9323
9324
9325
9326
9327
9328
9329
9330
9331
9332
9333
9334
9335
9336
9337
9338
9347
9348
9350
9361
9368
9369
9371
9417
9418
9419
9422
9434
9435
9436
9438
9441
9442
9447
9448
9449
9450
9451
9452
9453
9454
9455
9456
9457
9458
9459
9460
9461
9462
9463
9464
9473
9474
9476
9487
9488
9495
9496
9498
9543
9547
9549
9550
9561
9562
9563
9564
9565
9566
9567
9568
9571
9572
9573
9574
9575
9576
9577
9578
9579
9580
9581
9582
9583
9584
9585
9586
9587
9588
9589
9590
9600
9601
9602
9603
9614
9615
9616
9618
9619
9620
9621
9670
9674
9675
9677
9686
9687
9688
9689
9690
9691
9692
9693
9694
9695
9696
9697
9698
9699
9700
9701
9702
9703
9704
9705
9706
9707
9708
9709
9710
9711
9712
9713
9714
9715
9716
9727
9728
9729
9742
9743
9744
9746
9747
9748
9749
9751
9752
9797
9801
9802
9803
9804
9811
9812
9814
9815
9816
9817
9818
9819
9820
9821
9822
9823
9824
9826
9827
9828
9829
9830
9831
9832
9833
9834
9835
9836
9837
9838
9839
9840
9841
9843
9853
9854
9855
9868
9869
9870
9872
9873
9875
9876
9927
9928
9930
9931
9932
9936
9938
9939
9942
9943
9946
9947
9950
9953
9954
9955
9956
9958
9959
9960
9961
9962
9963
9964
9965
9966
9968
9980
9994
9996
9999
10000
10004
10005
10050
10052
10054
10056
10057
10058
10060
10061
10062
10063
10064
10065
10066
10068
10069
10070
10073
10074
10075
10077
10078
10079
10080
10081
10082
10084
10085
10086
10087
10088
10089
10090
10091
10092
10093
10106
10108
10121
10122
10123
10124
10125
10127
10129
10131
10177
10178
10180
10181
10188
10189
10190
10192
10193
10194
10195
10196
10197
10198
10199
10200
10201
10203
10204
10205
10206
10208
10210
10211
10212
10213
10214
10215
10216
10217
10218
10219
10220
10232
10233
10235
10246
10247
10248
10249
10250
10251
10252
10253
10258
10304
10305
10306
10307
10308
10309
10314
10315
10316
10317
10318
10319
10320
10321
10322
10323
10324
10325
10326
10327
10328
10329
10330
10332
10333
10334
10335
10336
10337
10338
10339
10340
10341
10342
10343
10344
10345
10359
10373
10376
10377
10379
10380
10381
10436
10440
10441
10442
10443
10444
10445
10446
10447
10448
10449
10450
10451
10452
10453
10454
10455
10456
10457
10458
10459
10460
10461
10462
10463
10464
10465
10466
10467
10468
10469
10470
10483
10488
10499
10500
10501
10504
10508
10566
10567
10568
10569
10571
10572
10573
10574
10575
10576
10577
10578
10579
10580
10581
10582
10583
10584
10585
10586
10588
10591
10592
10594
10595
10596
10610
10611
10612
10613
10626
10629
10631
10632
10633
10635
10689
10690
10693
10695
10699
10700
10703
10704
10705
10706
10707
10709
10710
10718
10721
10737
10738
10739
10740
10757
10758
10759
10761
10762
10816
10817
10820
10822
10823
10827
10830
10831
10833
10834
10835
10836
10837
10880
10882
10883
10885
10887
10888
10941
10943
10944
10945
10946
10947
10949
10950
10951
10952
10955
10956
10960
10961
10962
10963
10964
10995
11007
11008
11009
11010
11012
11014
11015
11065
11067
11068
11069
11070
11071
11072
11077
11078
11087
11088
11090
11091
11122
11136
11137
11139
11142
11143
11144
11195
11197
11198
11205
11206
11214
11215
11217
11245
11247
11248
11259
11264
11265
11267
11269
11270
11271
11324
11325
11328
11329
11330
11331
11332
11333
11334
11335
11336
11337
11338
11339
11341
11342
11344
11345
11372
11373
11374
11375
11376
11391
11392
11393
11395
11396
11446
11447
11448
11452
11453
11454
11455
11456
11457
11458
11464
11465
11466
11497
11499
11500
11501
11502
11503
11516
11517
11519
11520
11521
11573
11574
11575
11579
11580
11581
11583
11584
11586
11587
11591
11623
11624
11643
11644
11645
11646
11647
11648
11707
11708
11709
11710
11711
11713
11714
11717
11718
11754
11755
11772
11773
11774
11833
11834
11835
11836
11837
11839
11840
11841
11844
11901
11957
11958
11959
11963
11965
11966
11967
11971
12026
12027
12028
12085
12086
12091
12092
12093
